# List of pairs for inclusive list of ROIs per batch job
# $Header$
0000 0005
0005 0010
0010 0015
0015 0020
0020 0026
0026 0031
0031 0036
0036 0042
0042 0047
0047 0052
0052 0058
0058 0064
0064 0069
0069 0074
0074 0080
0080 0086
0086 0092
0092 0097
0097 0102
0102 0108
0108 0115
0115 0123
0123 0131
0131 0141
0141 0150
0150 0158
0158 0167
0167 0176
0176 0185
0185 0193
0193 0201
0201 0211
0211 0221
0221 0230
0230 0238
0238 0245
0245 0254
0254 0264
0264 0273
0273 0280
0280 0288
0288 0296
0296 0305
0305 0314
0314 0323
0323 0331
0331 0339
0339 0348
0348 0357
0357 0367
0367 0375
0375 0383
0383 0391
0391 0399
0399 0407
0407 0417
0417 0425
0425 0432
0432 0441
0441 0449
0449 0458
0458 0467
0467 0476
0476 0484
0484 0493
0493 0501
0501 0509
0509 0514
0514 0519
0519 0524
0524 0529
0529 0535
0535 0540
0540 0545
0545 0549
0549 0554
0554 0559
0559 0564
0564 0569
0569 0574
0574 0579
0579 0585
0585 0590
0590 0594
0594 0598
0598 0605
0605 0612
0612 0619
0619 0626
0626 0634
0634 0641
0641 0648
0648 0657
0657 0665
0665 0673
0673 0682
0682 0689
0689 0697
0697 0706
0706 0713
0713 0721
0721 0730
0730 0738
0738 0745
0745 0752
0752 0758
0758 0766
0766 0774
0774 0782
0782 0788
0788 0791
0791 0794
0794 0796
0796 0799
0799 0802
0802 0804
0804 0808
0808 0812
0812 0816
0816 0820
0820 0826
0826 0829
0829 0833
0833 0836
0836 0838
0838 0840
0840 0842
0842 0843
0843 0845
0845 0849
0849 0852
0852 0858
0858 0864
0864 0871
0871 0876
0876 0879
0879 0881
0881 0883
0883 0884
0884 0885
0885 0887
0887 0889
0889 0891
0891 0893
0893 0897
0897 0900
0900 0904
0904 0908
0908 0912
0912 0916
0916 0922
0922 0925
0925 0927
0927 0931
0931 0934
0934 0938
0938 0944
0944 0949
0949 0956
0956 0962
0962 0969
0969 0973
0973 0978
0978 0982
0982 0988
0988 0995
0995 1001
1001 1006
1006 1012
1012 1019
1019 1024
1024 1030
1030 1037
1037 1044
1044 1052
1052 1061
1061 1068
1068 1074
1074 1081
1081 1088
1088 1094
1094 1101
1101 1108
1108 1115
1115 1122
1122 1128
1128 1136
1136 1143
1143 1149
1149 1157
1157 1164
1164 1170
1170 1177
1177 1184
1184 1191
1191 1198
1198 1205
1205 1212
1212 1218
1218 1225
1225 1232
1232 1239
1239 1245
1245 1251
1251 1256
1256 1261
1261 1265
1265 1270
1270 1275
1275 1281
1281 1286
1286 1291
1291 1297
1297 1303
1303 1308
1308 1312
1312 1317
1317 1322
1322 1328
1328 1333
1333 1338
1338 1344
1344 1351
1351 1357
1357 1363
1363 1369
1369 1377
1377 1384
1384 1391
1391 1398
1398 1404
1404 1409
1409 1415
1415 1422
1422 1431
1431 1440
1440 1449
1449 1456
1456 1463
1463 1472
1472 1482
1482 1491
1491 1499
1499 1507
1507 1515
1515 1524
1524 1532
1532 1540
1540 1547
1547 1555
1555 1564
1564 1573
1573 1581
1581 1588
1588 1597
1597 1605
1605 1612
1612 1620
1620 1629
1629 1637
1637 1645
1645 1654
1654 1662
1662 1670
1670 1679
1679 1687
1687 1696
1696 1704
1704 1713
1713 1721
1721 1728